P0: 719.787080832 0.0 608.463002901 0.0 0.0 719.787080832 174.545110921 0.0 0.0 0.0 1.0 0.0
P1: 719.787080832 0.0 608.463002901 -386.635145355 0.0 719.787080832 174.545110921 0.0 0.0 0.0 1.0 0.0
P2: 707.05 0.0 604.08 45.758 0.0 707.05 180.506 -0.3454 0.0 0.0 1.0 0.004981
P3: 719.787080832 0.0 608.463002901 -338.724654217 0.0 719.787080832 174.545110921 2.26601975805 0.0 0.0 1.0 0.00298900663107
R0_rect: 0.9999 0.01 -0.00851 -0.0101 0.9999 -0.00404 0.00847 0.00412 0.9999
Tr_velo_to_cam: 0.006927 -0.9999 -0.002757 -0.0245 -0.00116 0.00275 -0.9999 -0.06127 0.9999 0.006931 -0.0011438 -0.3321
Tr_imu_to_velo: 0.9999976 0.0007553071 -0.002035826 -0.8086759 -0.0007854027 0.9998898 -0.01482298 0.3195559 0.002024406 0.01482454 0.9998881 -0.7997231
