P0: 719.787080832 0.0 608.463002901 0.0 0.0 719.787080832 174.545110921 0.0 0.0 0.0 1.0 0.0 
P1: 719.787080832 0.0 608.463002901 -386.635145355 0.0 719.787080832 174.545110921 0.0 0.0 0.0 1.0 0.0 
P2: 719.787080832 0.0 608.463002901 44.9538774522 0.0 719.787080832 174.545110921 0.106685501123 0.0 0.0 1.0 0.00301064720412 
P3: 719.787080832 0.0 608.463002901 -338.724654217 0.0 719.787080832 174.545110921 2.26601975805 0.0 0.0 1.0 0.00298900663107 
R0_rect: 0.999924751918 0.00975976082208 -0.00734151713167 -0.00979130341198 0.999942617578 -0.00430371421187 0.00729911076447 0.0043753006034 0.999963192929 
Tr_velo_to_cam: 0.00749916597126 -0.999971248149 -0.000865110297073 -0.00671807576607 0.0118652888852 0.000954520517324 -0.999910317818 -0.0733152810507 0.999882833378 0.00749141177998 0.0118719929191 -0.278557062264 
Tr_imu_to_velo: 0.9999976 0.0007553071 -0.002035826 -0.8086759 -0.0007854027 0.9998898 -0.01482298 0.3195559 0.002024406 0.01482454 0.9998881 -0.7997231 